
##### variant D  (TWh, MW means over P1 >$1k-or-slack hours / top-100 LW-price hours)
 year        cls  lift  lift_le_cems  lift_above  gap_A  gap_B  econ_lift  scar_MW  n_scar  top100_MW                                        sub
 2019       COAL 6.248         3.001       3.247  3.834  0.833      4.114   76.340      53     67.608 {"COAL_LIGNITE": 0.541, "COAL_PRB": 5.707}
 2019 CC_REGULAR 1.093         0.747       0.346  2.453  1.706      0.851    9.720      53     10.125                                           
 2019     ST_GAS 0.000         0.000       0.000  0.335  0.335      0.000    0.000      53      0.000                                           
 2020       COAL 5.110         1.694       3.417  2.209  0.515      2.246    0.000       5    164.431 {"COAL_LIGNITE": 0.118, "COAL_PRB": 4.993}
 2020 CC_REGULAR 1.341         0.974       0.367  2.719  1.744      1.018    0.000       5     73.331                                           
 2020     ST_GAS 0.000         0.000       0.000  0.299  0.299      0.000    0.000       5      0.000                                           
 2021       COAL 6.862         3.630       3.232  4.666  1.036      5.863  443.593     123    442.182 {"COAL_LIGNITE": 0.528, "COAL_PRB": 6.334}
 2021 CC_REGULAR 1.135         0.611       0.523  2.033  1.422      0.229   11.151     123      0.000                                           
 2021     ST_GAS 0.000         0.000       0.000  0.220  0.220      0.000    0.000     123      0.000                                           
 2022       COAL 4.428         2.501       1.928  3.301  0.801      3.791  234.529      18    191.798 {"COAL_LIGNITE": 0.391, "COAL_PRB": 4.038}
 2022 CC_REGULAR 0.583         0.350       0.233  3.418  3.068      0.228    0.000      18      9.322                                           
 2022     ST_GAS 0.000         0.000       0.000  0.090  0.090      0.000    0.000      18      0.000                                           
 2023       COAL 4.401         1.006       3.396  1.733  0.728      2.129   70.209      59     98.769 {"COAL_LIGNITE": 0.079, "COAL_PRB": 4.323}
 2023 CC_REGULAR 0.742         0.466       0.276  3.422  2.956      0.529    0.000      59      0.000                                           
 2023     ST_GAS 0.000         0.000       0.000  0.362  0.362      0.000    0.000      59      0.000                                           
 2024       COAL 5.466         1.975       3.491  2.754  0.779      3.177  484.937       2    247.067 {"COAL_LIGNITE": 0.533, "COAL_PRB": 4.933}
 2024 CC_REGULAR 1.333         0.892       0.441  4.335  3.444      0.975    0.000       2     59.332                                           
 2024     ST_GAS 0.000         0.000       0.000  0.829  0.829      0.000    0.000       2      0.000                                           
 2025       COAL 4.761         2.236       2.525  2.864  0.628      3.707      NaN       0    162.942 {"COAL_LIGNITE": 0.544, "COAL_PRB": 4.217}
 2025 CC_REGULAR 1.843         0.957       0.887  3.943  2.987      1.174      NaN       0     46.029                                           
 2025     ST_GAS 0.000         0.000       0.000  0.635  0.635      0.000      NaN       0      0.000                                           

##### variant D2  (TWh, MW means over P1 >$1k-or-slack hours / top-100 LW-price hours)
 year        cls  lift  lift_le_cems  lift_above  gap_A  gap_B  econ_lift  scar_MW  n_scar  top100_MW                                        sub
 2019       COAL 5.344         2.766       2.578  3.834  1.068      3.569   76.340      53     67.608 {"COAL_LIGNITE": 0.539, "COAL_PRB": 4.805}
 2019 CC_REGULAR 1.089         0.747       0.342  2.453  1.706      0.848    9.720      53     10.125                                           
 2019     ST_GAS 0.000         0.000       0.000  0.335  0.335      0.000    0.000      53      0.000                                           
 2020       COAL 4.342         1.563       2.779  2.209  0.646      1.929    0.000       5    150.953 {"COAL_LIGNITE": 0.118, "COAL_PRB": 4.225}
 2020 CC_REGULAR 1.329         0.974       0.355  2.719  1.744      1.009    0.000       5     73.218                                           
 2020     ST_GAS 0.000         0.000       0.000  0.299  0.299      0.000    0.000       5      0.000                                           
 2021       COAL 6.568         3.637       2.931  4.666  1.029      5.627  443.592     123    442.182 {"COAL_LIGNITE": 0.527, "COAL_PRB": 6.041}
 2021 CC_REGULAR 1.115         0.611       0.504  2.033  1.422      0.220   11.151     123      0.000                                           
 2021     ST_GAS 0.000         0.000       0.000  0.220  0.220      0.000    0.000     123      0.000                                           
 2022       COAL 4.313         2.489       1.824  3.301  0.812      3.731  277.487      18    207.809  {"COAL_LIGNITE": 0.39, "COAL_PRB": 3.923}
 2022 CC_REGULAR 0.582         0.350       0.233  3.418  3.068      0.228    0.000      18      9.322                                           
 2022     ST_GAS 0.000         0.000       0.000  0.090  0.090      0.000    0.000      18      0.000                                           
 2023       COAL 3.926         1.022       2.904  1.733  0.712      1.946   70.209      59     98.769 {"COAL_LIGNITE": 0.078, "COAL_PRB": 3.848}
 2023 CC_REGULAR 0.711         0.462       0.248  3.422  2.960      0.504    0.000      59      0.000                                           
 2023     ST_GAS 0.000         0.000       0.000  0.362  0.362      0.000    0.000      59      0.000                                           
 2024       COAL 5.181         1.922       3.258  2.754  0.832      3.048  264.400       2    242.102 {"COAL_LIGNITE": 0.529, "COAL_PRB": 4.652}
 2024 CC_REGULAR 1.364         0.904       0.460  4.335  3.431      0.991    0.000       2     60.951                                           
 2024     ST_GAS 0.000         0.000       0.000  0.829  0.829      0.000    0.000       2      0.000                                           
 2025       COAL 4.276         2.113       2.163  2.864  0.751      3.371      NaN       0    158.290 {"COAL_LIGNITE": 0.544, "COAL_PRB": 3.732}
 2025 CC_REGULAR 1.830         0.954       0.875  3.943  2.989      1.174      NaN       0     45.994                                           
 2025     ST_GAS 0.000         0.000       0.000  0.635  0.635      0.000      NaN       0      0.000                                           
