 plant_code  nameplate_mw  pct_mr  night_p50  mustrun_cap  committed_cap  floor_mw  on_committed  spill_to_econ  clears
       1733     3,066.000  45.900      0.464    1,407.294      1,407.294    15.330        15.330          0.000    True
       2103     2,372.000  46.600      0.594    1,105.352      1,107.724   302.667       302.667          0.000    True
       6641     1,665.800  29.900      0.285      498.074        499.740     0.000         0.000          0.000   False
       6090     1,556.000  46.700      0.440      726.652        729.764     0.000         0.000          0.000   False
       1082     1,511.700   0.000      0.458        0.000        340.132   691.905       340.132        351.773    True
       1710     1,330.500  60.000      0.625      798.300        931.350    33.795        33.795          0.000    True
      56068     1,270.800  51.900      0.579      659.545        662.087    76.629        76.629          0.000    True
       6034     1,270.000  44.500      0.445      565.150        661.670     0.000         0.000          0.000   False
       6009     1,252.900  37.300      0.165      467.332        471.090     0.000         0.000          0.000   False
       8023     1,128.300  29.700      0.309      335.105        336.233    14.104        14.104          0.000    True
       2107       974.000   0.000      0.476        0.000        326.290   464.111       326.290        137.821    True
       1893       937.000  23.500      0.550      220.195        285.785   295.623       285.785          9.838    True
       4078       887.900  41.200      0.402      365.815        396.003     0.000         0.000          0.000   False
       6664       745.600   0.000      0.458        0.000        204.294   341.261       204.294        136.967    True
       6254       714.100   0.000      0.445        0.000        219.943   317.774       219.943         97.832    True
       7343       647.100   0.000      0.389        0.000        231.015   251.787       231.015         20.772    True
       4041       616.000  34.500      0.280      212.520        235.312     0.000         0.000          0.000   False
       1393       513.500   0.000      0.453        0.000        166.887   232.821       166.887         65.933    True
       1915       511.000   0.000      0.739        0.000        357.700   377.680       357.700         19.980    True
       1091       510.000   0.000      0.345        0.000        165.240   175.950       165.240         10.710    True
       6190       488.100  60.000      0.239      292.860        341.670     0.000         0.000          0.000   False
       6098       477.600   0.000      0.288        0.000        136.116   137.692       136.116          1.576    True
        997       455.000   0.000      0.758        0.000        288.470   344.890       288.470         56.420    True
       4050       402.000  23.900      0.428       96.078         96.078    75.817        75.817          0.000    True
       4271       389.800   0.000      0.319        0.000        123.177   124.463       123.177          1.286    True
       1167       248.900  26.500      0.240       65.959         67.203     0.000         0.000          0.000   False

regulated MISO COAL_PRB plants on the runtime basis : 26
  clearing (floor > 0.5 MW)                         : 18
  their share of regulated-PRB nameplate            : 69.2% (17,956 of 25,942 MW)
  total incremental floor at the night level        : 4,274 MW
    of which lands on _committed                    : 3,363 MW
    of which SPILLS past _committed into _econ      : 911 MW (12 plants)
  cap-wtd night_p50                                 : 0.4446
  cap-wtd pct_mr/100 (the _mustrun band)            : 0.3013

PRE-REGISTERED KILL RULE (<5 plants or <5% capacity): does NOT fire
