
##### variant B  (TWh, MW means over P1 >$1k-or-slack hours / top-100 LW-price hours)
 year        cls  lift  lift_le_cems  lift_above  gap_A  gap_B  econ_lift  scar_MW  n_scar  top100_MW                                        sub
 2019       COAL 5.132         2.724       2.408  3.834  1.110      3.431   76.075      53     67.467 {"COAL_LIGNITE": 0.534, "COAL_PRB": 4.598}
 2019 CC_REGULAR 1.088         0.747       0.341  2.453  1.706      0.847    9.720      53     10.125                                           
 2019     ST_GAS 0.000         0.000       0.000  0.335  0.335      0.000    0.000      53      0.000                                           
 2020       COAL 4.206         1.583       2.623  2.209  0.626      1.888    0.000       5    157.310 {"COAL_LIGNITE": 0.117, "COAL_PRB": 4.089}
 2020 CC_REGULAR 1.310         0.974       0.336  2.719  1.744      0.994    0.000       5     73.083                                           
 2020     ST_GAS 0.000         0.000       0.000  0.299  0.299      0.000    0.000       5      0.000                                           
 2021       COAL 6.407         3.701       2.706  4.666  0.965      5.472  442.785     123    442.182 {"COAL_LIGNITE": 0.523, "COAL_PRB": 5.884}
 2021 CC_REGULAR 1.073         0.601       0.472  2.033  1.432      0.207   11.151     123      0.000                                           
 2021     ST_GAS 0.000         0.000       0.000  0.220  0.220      0.000    0.000     123      0.000                                           
 2022       COAL 4.257         2.516       1.740  3.301  0.785      3.676  277.487      18    210.551 {"COAL_LIGNITE": 0.389, "COAL_PRB": 3.867}
 2022 CC_REGULAR 0.575         0.345       0.231  3.418  3.073      0.223    0.000      18      9.322                                           
 2022     ST_GAS 0.000         0.000       0.000  0.090  0.090      0.000    0.000      18      0.000                                           
 2023       COAL 3.666         1.042       2.624  1.733  0.692      1.841   69.603      59     96.624 {"COAL_LIGNITE": 0.078, "COAL_PRB": 3.587}
 2023 CC_REGULAR 0.721         0.465       0.256  3.422  2.958      0.514    0.000      59      0.000                                           
 2023     ST_GAS 0.000         0.000       0.000  0.362  0.362      0.000    0.000      59      0.000                                           
 2024       COAL 5.040         1.962       3.078  2.754  0.792      2.991  484.937       2    237.629 {"COAL_LIGNITE": 0.525, "COAL_PRB": 4.515}
 2024 CC_REGULAR 1.400         0.922       0.478  4.335  3.413      1.012    0.000       2     60.285                                           
 2024     ST_GAS 0.000         0.000       0.000  0.829  0.829      0.000    0.000       2      0.000                                           
 2025       COAL 4.231         2.154       2.077  2.864  0.710      3.342      NaN       0    153.627 {"COAL_LIGNITE": 0.543, "COAL_PRB": 3.688}
 2025 CC_REGULAR 1.805         0.961       0.844  3.943  2.982      1.155      NaN       0     48.278                                           
 2025     ST_GAS 0.000         0.000       0.000  0.635  0.635      0.000      NaN       0      0.000                                           

##### variant Bh  (TWh, MW means over P1 >$1k-or-slack hours / top-100 LW-price hours)
 year        cls  lift  lift_le_cems  lift_above  gap_A  gap_B  econ_lift  scar_MW  n_scar  top100_MW                                        sub
 2019       COAL 5.128         2.722       2.406  3.834  1.112      3.428   76.075      53     67.467 {"COAL_LIGNITE": 0.534, "COAL_PRB": 4.594}
 2019 CC_REGULAR 1.084         0.747       0.337  2.453  1.706      0.844    9.720      53     10.125                                           
 2019     ST_GAS 0.000         0.000       0.000  0.335  0.335      0.000    0.000      53      0.000                                           
 2020       COAL 4.194         1.578       2.616  2.209  0.631      1.882    0.000       5    157.310 {"COAL_LIGNITE": 0.117, "COAL_PRB": 4.077}
 2020 CC_REGULAR 1.310         0.974       0.336  2.719  1.744      0.994    0.000       5     73.083                                           
 2020     ST_GAS 0.000         0.000       0.000  0.299  0.299      0.000    0.000       5      0.000                                           
 2021       COAL 6.397         3.693       2.704  4.666  0.973      5.463  442.785     123    442.182 {"COAL_LIGNITE": 0.523, "COAL_PRB": 5.874}
 2021 CC_REGULAR 1.073         0.601       0.472  2.033  1.432      0.207   11.151     123      0.000                                           
 2021     ST_GAS 0.000         0.000       0.000  0.220  0.220      0.000    0.000     123      0.000                                           
 2022       COAL 4.257         2.516       1.740  3.301  0.785      3.676  277.487      18    210.551 {"COAL_LIGNITE": 0.389, "COAL_PRB": 3.867}
 2022 CC_REGULAR 0.575         0.345       0.231  3.418  3.073      0.223    0.000      18      9.322                                           
 2022     ST_GAS 0.000         0.000       0.000  0.090  0.090      0.000    0.000      18      0.000                                           
 2023       COAL 3.666         1.042       2.624  1.733  0.692      1.841   69.603      59     96.624 {"COAL_LIGNITE": 0.078, "COAL_PRB": 3.587}
 2023 CC_REGULAR 0.720         0.464       0.256  3.422  2.958      0.513    0.000      59      0.000                                           
 2023     ST_GAS 0.000         0.000       0.000  0.362  0.362      0.000    0.000      59      0.000                                           
 2024       COAL 5.029         1.960       3.069  2.754  0.794      2.982  484.937       2    237.629 {"COAL_LIGNITE": 0.525, "COAL_PRB": 4.504}
 2024 CC_REGULAR 1.399         0.922       0.478  4.335  3.414      1.011    0.000       2     60.285                                           
 2024     ST_GAS 0.000         0.000       0.000  0.829  0.829      0.000    0.000       2      0.000                                           
 2025       COAL 4.222         2.151       2.071  2.864  0.714      3.333      NaN       0    153.627 {"COAL_LIGNITE": 0.543, "COAL_PRB": 3.679}
 2025 CC_REGULAR 1.803         0.959       0.843  3.943  2.984      1.153      NaN       0     44.051                                           
 2025     ST_GAS 0.000         0.000       0.000  0.635  0.635      0.000      NaN       0      0.000                                           

##### variant C  (TWh, MW means over P1 >$1k-or-slack hours / top-100 LW-price hours)
 year        cls  lift  lift_le_cems  lift_above  gap_A  gap_B  econ_lift  scar_MW  n_scar  top100_MW                                        sub
 2019       COAL 6.253         2.991       3.262  3.834  0.843      4.106   76.340      53     67.608 {"COAL_LIGNITE": 0.542, "COAL_PRB": 5.711}
 2019 CC_REGULAR 1.405         1.510      -0.105  2.453  0.995      1.178    9.720      53     10.125                                           
 2019     ST_GAS 0.000         0.000       0.000  0.335  0.335      0.000    0.000      53      0.000                                           
 2020       COAL 5.317         1.690       3.627  2.209  0.519      2.264    0.000       5    164.431 {"COAL_LIGNITE": 0.118, "COAL_PRB": 5.199}
 2020 CC_REGULAR 1.829         1.604       0.225  2.719  1.147      1.500    0.000       5    107.458                                           
 2020     ST_GAS 0.000         0.000       0.000  0.299  0.299      0.000    0.000       5      0.000                                           
 2021       COAL 7.382         3.800       3.581  4.666  0.866      6.312  443.941     123    442.182 {"COAL_LIGNITE": 0.529, "COAL_PRB": 6.853}
 2021 CC_REGULAR 1.391         0.964       0.427  2.033  1.090      0.276   31.268     123      0.000                                           
 2021     ST_GAS 0.000         0.000       0.000  0.220  0.220      0.000    0.000     123      0.000                                           
 2022       COAL 4.582         2.523       2.060  3.301  0.779      3.939  278.511      18    218.334 {"COAL_LIGNITE": 0.391, "COAL_PRB": 4.191}
 2022 CC_REGULAR 0.862         0.752       0.110  3.418  2.754      0.413    0.000      18      9.322                                           
 2022     ST_GAS 0.000         0.000       0.000  0.090  0.090      0.000    0.000      18      0.000                                           
 2023       COAL 5.702         1.255       4.447  1.733  0.478      2.774   71.156      59     99.440 {"COAL_LIGNITE": 0.079, "COAL_PRB": 5.624}
 2023 CC_REGULAR 1.204         1.190       0.014  3.422  2.327      0.925    0.000      59      0.000                                           
 2023     ST_GAS 0.000         0.000       0.000  0.362  0.362      0.000    0.000      59      0.000                                           
 2024       COAL 5.781         2.010       3.771  2.754  0.744      3.345  484.937       2    263.694 {"COAL_LIGNITE": 0.534, "COAL_PRB": 5.247}
 2024 CC_REGULAR 1.824         1.978      -0.153  4.335  2.565      1.466    0.000       2     63.991                                           
 2024     ST_GAS 0.000         0.000       0.000  0.829  0.829      0.000    0.000       2      0.000                                           
 2025       COAL 4.775         2.241       2.534  2.864  0.623      3.724      NaN       0    164.094 {"COAL_LIGNITE": 0.544, "COAL_PRB": 4.231}
 2025 CC_REGULAR 2.428         1.553       0.875  3.943  2.511      1.629      NaN       0     49.448                                           
 2025     ST_GAS 0.000         0.000       0.000  0.635  0.635      0.000      NaN       0      0.000                                           
