run pjm-2021-2025-realized-t1h-d45r key c6091bd5b62bbc3f
   yr   arm   thermal    other       DR      firm       req     pos  $curve  pubPos    gap  $real   budget     pass/failed MW
 2021   OFF   137,055   10,978        0   148,033   130,295  1.1361    0.00  1.0417    9.4   51.1   17,738                  -
 2021     V   163,772   10,978        0   174,750   156,557  1.1162    0.00  1.0417    7.4   51.1   18,193                  -
 2021     D   137,055   10,978   11,887   159,920   135,677  1.1787    0.00  1.0417   13.7   51.1   24,243                  -
 2021  BOTH   163,772   10,978   11,887   186,637   163,023  1.1448    0.00  1.0417   10.3   51.1   23,614                  -
      ledger pos None  ledger req 130295.367  (entering fleet (fleet_by_fuel_before) at the year's own peak)
 2022   OFF   137,055   10,978        0   148,033   130,295  1.1361    0.00  1.0510    8.5   18.2   17,738           0/88,602
 2022     V   163,772   10,978        0   174,750   156,126  1.1193    0.00  1.0510    6.8   18.2   18,624           0/88,602
 2022     D   137,055   10,978   10,513   158,546   135,677  1.1686    0.00  1.0510   11.8   18.2   22,869           0/88,602
 2022  BOTH   163,772   10,978   10,513   185,263   162,574  1.1396    0.00  1.0510    8.9   18.2   22,689           0/88,602
      ledger pos None  ledger req None  (bridge year: 2021 post-evolution fleet, 2021 peak (the runner's prior-year peak))
 2023   OFF   135,757   10,980        0   146,737   128,566  1.1413    0.00  1.0552    8.6   12.5   18,170           0/73,441
 2023     V   162,702   10,980        0   173,681   154,522  1.1240    0.00  1.0552    6.9   12.5   19,159           0/73,441
 2023     D   135,757   10,980   10,117   156,853   133,876  1.1716    0.00  1.0552   11.6   12.5   22,977           0/73,441
 2023  BOTH   162,702   10,980   10,117   183,798   160,904  1.1423    0.00  1.0552    8.7   12.5   22,894           0/73,441
      ledger pos 1.139822  ledger req 128566.399  (entering fleet (fleet_by_fuel_before) at the year's own peak)
 2024   OFF   135,244   11,859        0   147,103   133,371  1.1030    0.00  1.0555    4.7   10.6   13,732           0/87,132
 2024     V   162,195   11,859        0   174,054   160,194  1.0865    0.00  1.0555    3.1   10.6   13,860           0/87,132
 2024     D   135,244   11,859   10,146   157,249   138,879  1.1323    0.00  1.0555    7.7   10.6   18,370           0/87,132
 2024  BOTH   162,195   11,859   10,146   184,201   166,810  1.1043    0.00  1.0555    4.9   10.6   17,391           0/87,132
      ledger pos 1.096403  ledger req 133370.926  (entering fleet (fleet_by_fuel_before) at the year's own peak)
 2025   OFF   125,567   12,119        0   137,686   144,632  0.9520  164.84  1.0049   -5.3   98.5   -6,946                  -
 2025     V   125,567   12,119        0   137,686   144,632  0.9520  164.84  1.0049   -5.3   98.5   -6,946                  -
 2025     D   125,567   12,119    6,085   143,770   150,605  0.9546  164.84  1.0049   -5.0   98.5   -6,835                  -
 2025  BOTH   125,567   12,119    6,085   143,770   150,605  0.9546  164.84  1.0049   -5.0   98.5   -6,835                  -
      ledger pos 0.961718  ledger req 144631.784  (entering fleet (fleet_by_fuel_before) at the year's own peak)
