2019 CLASS: avail 118.59 mwh 115.60 e923 107.04 demo 146.99  sum(avail-demo)+ 1.90 TWh
                   avail           mwh       e923       demo  excess_above_demo_month  over_mwh_e923   util      k
plant_code                                                                                                        
7710        14374.096680  14374.095703  12462.636  17182.343                    0.000       1911.460  1.000  0.972
710         20668.322266  20668.322266  19071.618  23063.112                    0.000       1596.704  1.000  0.985
57037        6469.465820   5689.206055   4610.121   6287.028                  458.162       1079.086  0.879  0.978
56150        9369.975586   9309.413086   8434.782  10858.992                    0.000        874.631  0.994  0.987
7946         3781.343994   3781.343994   3069.769   4803.050                    0.000        711.576  1.000  1.478
55382        7209.753906   6938.388184   6325.926  10485.022                    0.000        612.462  0.962  0.966
7897         4952.098145   4951.590820   4404.405   8610.431                    0.000        547.186  1.000  0.975
55965        9394.010742   9392.996094   8846.763  10821.266                    0.000        546.233  1.000  0.975
55440        5937.903809   5293.654785   4832.746   8308.760                  715.185        460.909  0.892  1.238
55411        5569.133789   5491.321777   5035.173   6736.231                   21.347        456.149  0.986  0.968
643          4230.160156   4226.193848   3913.105   4915.601                  367.174        313.088  0.999  0.979
55242        2018.102051   1617.385986   1335.948   1681.190                  339.324        281.438  0.801  0.961
7917         3480.590088   3480.590088   3327.345   4289.965                    0.000        153.245  1.000  0.974
6073         8428.219727   8428.219727   8292.335   9715.781                    0.000        135.885  1.000  0.979
2020 CLASS: avail 120.48 mwh 115.66 e923 109.61 demo 144.12  sum(avail-demo)+ 1.45 TWh
                   avail           mwh       e923       demo  excess_above_demo_month  over_mwh_e923   util      k
plant_code                                                                                                        
57037        6478.933105   6478.290039   4516.890   5807.771                  933.256       1961.400  1.000  0.980
7710        14559.381836  14559.381836  12637.167  16840.679                    0.000       1922.215  1.000  0.973
710         19933.779297  19933.779297  18710.829  22861.088                    0.000       1222.951  1.000  0.986
7897         5433.543945   5433.543945   4418.244   7559.601                  228.298       1015.300  1.000  0.974
7946         3871.802002   3820.976074   3153.311   4700.444                    0.000        667.665  0.987  1.475
55965        8847.540039   8847.540039   8405.887  10223.713                    0.000        441.653  1.000  0.975
55440        6414.136230   5487.000000   5052.482   7620.090                   32.994        434.518  0.855  0.934
55382        8006.735840   6966.976074   6576.898  10227.349                    0.000        390.078  0.870  0.894
7917         3748.827881   3748.827881   3370.017   4378.135                    0.000        378.811  1.000  0.973
56150        9330.161133   8937.188477   8621.415  10824.690                    0.000        315.773  0.958  0.988
55242        2018.102051   1505.900024   1500.603   1830.535                  232.232          5.297  0.746  0.963
6073         8442.117188   8442.117188   8502.834   9877.541                    0.000        -60.717  1.000  0.978
55411        5393.710938   4988.348145   5074.658   6617.795                   21.028        -86.310  0.925  0.936
55406        2993.697998   2561.540039   2863.225   4665.103                    0.000       -301.684  0.856  1.502
2021 CLASS: avail 123.68 mwh 113.46 e923 110.01 demo 153.18  sum(avail-demo)+ 1.14 TWh
                   avail           mwh       e923       demo  excess_above_demo_month  over_mwh_e923   util      k
plant_code                                                                                                        
7710        13969.018555  13960.822266  11356.994  16785.520                    0.000       2603.828  0.999  0.972
57037        6095.967773   6062.020020   3990.988   5543.448                  658.623       2071.032  0.994  0.975
710         20050.058594  19995.841797  18235.446  22525.315                    0.000       1760.396  0.997  0.987
7897         6305.383789   6288.622070   4700.572   7874.888                   81.560       1588.050  0.997  0.970
55965        8400.775391   8385.517578   7730.334  10277.894                    0.000        655.184  0.998  0.974
56150       10102.580078   9196.952148   8586.543  11778.725                    0.000        610.409  0.910  0.989
55242        2018.102051   1131.365967    682.990   1627.988                  400.581        448.376  0.561  0.952
7917         3571.750977   3568.389893   3176.056   4365.872                    0.000        392.334  0.999  0.975
643          5122.399902   4876.233887   4708.261   5736.425                    0.000        167.972  0.952  0.978
7946         3844.003906   3148.972900   2982.211   4667.269                    0.000        166.762  0.819  1.477
6073         8575.636719   8575.636719   8502.576   9951.851                    0.000         73.061  1.000  0.978
55440        5893.992188   4094.600098   4202.153   7892.692                    0.000       -107.553  0.695  0.959
55411        5400.732910   4639.191895   5147.792   6882.370                    0.000       -508.600  0.859  0.979
55271        1915.354980   1261.480957   1887.341   2662.342                    0.000       -625.860  0.659  0.972
2023 CLASS: avail 121.24 mwh 116.20 e923 109.80 demo 150.87  sum(avail-demo)+ 0.70 TWh
                   avail           mwh       e923       demo  excess_above_demo_month  over_mwh_e923   util      k
plant_code                                                                                                        
7710        15188.962891  15188.962891  13682.165  17342.626                    0.000       1506.798  1.000  0.976
710         18843.644531  18843.644531  17824.685  21618.344                    0.000       1018.959  1.000  0.986
57037        5505.310059   4642.350098   3704.258   5646.543                  442.858        938.092  0.843  0.974
7897         7299.708008   7299.708008   6460.477  11763.328                    0.000        839.231  1.000  0.979
56150        9941.102539   9864.125000   9107.240  11889.323                    0.000        756.885  0.992  0.986
7946         3728.437988   3700.491943   2968.409   4625.837                    0.000        732.082  0.993  1.480
55965        9619.635742   9619.635742   9055.103  10787.071                    0.000        564.533  1.000  0.979
55411        4531.542969   4523.162109   4078.887   6414.692                    0.000        444.276  0.998  0.940
6073         8404.706055   8404.706055   7984.707   9227.916                   76.690        419.999  1.000  0.883
55440        5931.722168   5086.525879   4769.712   7881.809                    0.000        316.814  0.858  0.968
55271        3178.298096   3001.976074   2712.170   5753.721                    0.000        289.806  0.945  0.976
56           1551.211060   1551.211060   1341.342   1930.835                  137.669        209.869  1.000  0.764
7917         3684.959961   3684.959961   3533.099   4463.359                    0.000        151.861  1.000  0.978
55406        2877.518066   2481.916992   2439.623   3826.645                   32.202         42.294  0.863  0.948
2024 CLASS: avail 121.81 mwh 114.22 e923 110.30 demo 157.82  sum(avail-demo)+ 0.26 TWh
                   avail           mwh       e923       demo  excess_above_demo_month  over_mwh_e923   util      k
plant_code                                                                                                        
7710        13531.296875  13523.138672  11738.168  16809.448                    0.000       1784.971  0.999  0.974
7897         6269.401855   6228.789062   4979.804  10819.776                    0.000       1248.985  0.994  0.978
710         18969.521484  18959.443359  17987.311  21988.104                    0.000        972.133  0.999  0.986
55965        8793.906250   8746.633789   7831.043  10805.633                    0.000        915.591  0.995  0.976
57037        6186.892090   4673.959961   4221.091   6458.275                  251.616        452.869  0.755  0.978
7946         3852.832031   3692.763916   3453.713   4671.576                    0.000        239.050  0.958  1.492
55411        4918.232910   4653.607910   4415.953   6622.324                    0.000        237.654  0.946  0.978
56150        9195.356445   8223.786133   8034.741  10940.195                    0.000        189.045  0.894  0.986
7917         3087.012939   3082.176025   2923.072   4112.957                    0.000        159.104  0.998  0.977
3           13383.551758  13316.254883  13173.069  16220.063                    0.000        143.186  0.995  0.983
56           4341.487793   4341.487793   4268.824   5854.360                    0.000         72.664  1.000  0.980
55406        1996.462036   1578.416992   1650.261   2923.640                    0.000        -71.844  0.791  0.987
533          3229.833984   2803.196045   2898.570   6099.381                    0.000        -95.374  0.868  1.430
55271        2054.272949   1509.878052   1752.217   3659.470                    0.000       -242.339  0.735  0.974
