                   model_mc  mc_f923  mc_spot  f923   spot  impl     hr
year plant_group                                                       
2019 CC_REGULAR   22.180000    19.71      NaN  2.79   3.58  3.12   7.06
     COAL_BIT     36.680000    35.20    38.93  3.04   3.20  2.98  11.92
     COAL_PRB     32.770000    29.62    46.48  2.49   3.62  2.46  12.36
2020 CC_REGULAR   17.740000    16.13      NaN  2.24    NaN  2.48   7.11
     COAL_BIT     36.900002    40.39      NaN  3.18    NaN  2.21  13.43
     COAL_PRB     31.549999    31.88      NaN  2.51    NaN  2.48  12.72
2021 CC_REGULAR   29.900000    28.50      NaN  3.99   2.84  4.22   7.14
     COAL_BIT     39.700001    37.79    35.58  3.41   3.21  3.58  11.24
     COAL_PRB     33.000000    30.36    29.25  2.56   2.42  2.78  11.80
2022 CC_REGULAR   56.730000    53.36      NaN  7.67  10.11  8.00   7.15
     COAL_BIT     45.060001    44.11      NaN  3.66    NaN  3.74  12.10
     COAL_PRB     39.889999    38.88    25.36  3.32   2.33  3.38  11.69
2023 CC_REGULAR   23.500000    21.50      NaN  2.95  10.17  3.25   7.32
     COAL_BIT     64.660004    72.57      NaN  5.60    NaN  4.99  12.95
     COAL_PRB     40.700001    41.57   126.54  3.38   9.78  3.17  12.30
2024 CC_REGULAR   21.770000    18.22      NaN  2.62   8.39  3.03   7.11
     COAL_BIT     31.950001    68.11      NaN  5.48    NaN  2.57  12.43
     COAL_PRB     36.630001    38.53   109.53  3.08   8.39  2.80  12.38
2025 CC_REGULAR   30.219999    27.45      NaN  3.84   6.00  4.15   7.20
     COAL_BIT     30.350000      NaN      NaN   NaN    NaN  2.03  14.97
     COAL_PRB     35.119999    35.23    71.82  2.94   6.00  2.93  11.83
2019
                         model_mc  mc_f923  mc_spot  f923  spot  rcpt  impl     hr
plant_group plant_code                                                            
CC_REGULAR  3           22.049999    21.12      NaN  2.90  3.46  3.15  3.02   7.29
            643         22.139999    24.31      NaN  3.43   NaN   NaN  3.12   7.09
            710         21.350000    20.83      NaN  3.05   NaN   NaN  3.13   6.83
            6073        21.170000    18.10      NaN  2.70  3.63  2.96  3.15   6.71
            7710        21.580000      NaN      NaN   NaN   NaN   NaN  3.13   6.90
            7897        21.980000      NaN      NaN   NaN   NaN   NaN  3.16   6.96
            7917        21.650000    18.52      NaN  2.64   NaN   NaN  3.08   7.02
            7946        21.680000    19.60      NaN  2.84   NaN   NaN  3.14   6.89
            55241       23.379999      NaN      NaN   NaN   NaN   NaN  3.14   7.45
            55242       23.160000      NaN      NaN   NaN   NaN   NaN  3.11   7.44
            55271       22.969999      NaN      NaN   NaN   NaN   NaN  3.09   7.44
            55382       22.440001    20.40      NaN  2.76   NaN   NaN  3.04   7.38
            55406       22.490000      NaN      NaN   NaN   NaN   NaN  3.05   7.38
            55411       22.469999      NaN      NaN   NaN   NaN   NaN  3.20   7.03
            55440       22.980000      NaN      NaN   NaN   NaN   NaN  2.90   7.93
            55965       21.790001      NaN      NaN   NaN   NaN   NaN  3.15   6.92
            56150       22.340000    21.23      NaN  3.02   NaN   NaN  3.18   7.04
            57037       22.969999    18.56      NaN  2.52   NaN   NaN  3.12   7.37
COAL_BIT    3           37.990002    34.68    38.08  3.15  3.46  3.15  3.45  11.02
            8           34.400002    32.99      NaN  2.77   NaN  2.77  2.89  11.92
            641         34.860001    33.64      NaN  2.88   NaN  2.88  2.98  11.69
            708         33.500000      NaN      NaN   NaN   NaN   NaN  2.14  15.63
            6052        36.770000    39.45    39.45  3.08  3.08  3.08  2.87  12.82
COAL_PRB    6002        22.090000    18.87      NaN  1.72   NaN  1.72  2.02  10.96
            6073        34.980000    37.39    46.65  2.91  3.63  2.96  2.73  12.83
            6124        33.500000      NaN      NaN   NaN   NaN   NaN  2.17  15.43
            6257        32.740002    29.59      NaN  2.49   NaN  2.49  2.75  11.89
2021
                         model_mc  mc_f923  mc_spot  f923  spot  rcpt  impl     hr
plant_group plant_code                                                            
CC_REGULAR  3           30.430000    30.34      NaN  4.21  3.21  3.35  4.22   7.21
            533         37.810001    28.55      NaN  3.99   NaN   NaN  5.28   7.16
            643         30.799999    30.35      NaN  4.25   NaN   NaN  4.31   7.14
            710         29.450001    29.59      NaN  4.42   NaN   NaN  4.39   6.70
            6073        29.490000    26.63      NaN  3.92  2.72  2.64  4.34   6.80
            7710        30.209999      NaN      NaN   NaN   NaN   NaN  4.36   6.92
            7897        30.920000      NaN      NaN   NaN   NaN   NaN  4.42   7.00
            7917        32.299999    28.64      NaN  4.09   NaN   NaN  4.61   7.00
            7946        30.389999    28.43      NaN  3.96   NaN   NaN  4.23   7.18
            55241       32.900002      NaN      NaN   NaN   NaN   NaN  4.33   7.60
            55242       32.439999      NaN      NaN   NaN   NaN   NaN  4.30   7.54
            55271       32.790001      NaN      NaN   NaN   NaN   NaN  4.18   7.84
            55382       30.930000    29.16      NaN  3.94   NaN   NaN  4.18   7.41
            55406       30.990000    30.77      NaN  4.27   NaN   NaN  4.30   7.20
            55411       30.660000      NaN      NaN   NaN   NaN   NaN  4.39   6.98
            55440       31.860001    34.15      NaN  4.46   NaN   NaN  4.16   7.66
            55965       30.350000      NaN      NaN   NaN   NaN   NaN  4.39   6.91
            56150       30.990000    30.59      NaN  4.34   NaN   NaN  4.40   7.05
            57037       30.309999    45.70      NaN  6.50   NaN   NaN  4.31   7.03
COAL_BIT    3           39.950001    37.12    35.58  3.35  3.21  3.35  3.61  11.07
            6052        34.150002    41.04      NaN  3.60   NaN  3.60  2.99  11.41
COAL_PRB    6002        22.709999    19.62    19.74  1.82  1.83  1.82  2.10  10.81
            6073        33.680000    31.51    32.84  2.61  2.72  2.64  2.79  12.07
            6124              NaN      NaN      NaN   NaN   NaN   NaN   NaN    NaN
            6257        33.820000    31.29      NaN  2.65   NaN  2.65  2.87  11.80
