2019 CC_REGULAR TWh model 115.60 actual(campd-net) 107.04
dec           0        1        2        3        4        5        6        7        8        9
model   10963.0  11732.0  12310.0  12823.0  13236.0  13510.0  13861.0  14010.0  14564.0  14952.0
actual   9062.0  10108.0  11018.0  11606.0  12111.0  12396.0  12970.0  13607.0  14426.0  14890.0
gap      1901.0   1624.0   1292.0   1217.0   1125.0   1114.0    891.0    403.0    138.0     62.0
2019 COAL_BIT TWh model 12.01 actual(campd-net) 22.90
dec          0       1       2       3       4       5       6       7       8       9
model    666.0   765.0   859.0   917.0  1031.0  1177.0  1501.0  1892.0  2127.0  2776.0
actual  1706.0  1922.0  2034.0  2099.0  2216.0  2409.0  2817.0  3207.0  3499.0  4231.0
gap    -1040.0 -1157.0 -1175.0 -1182.0 -1185.0 -1232.0 -1316.0 -1315.0 -1372.0 -1455.0
2019 COAL_PRB TWh model 33.81 actual(campd-net) 32.38
dec          0       1       2       3       4       5       6       7       8       9
model   2509.0  2923.0  3167.0  3329.0  3523.0  3727.0  4063.0  4476.0  5031.0  5844.0
actual  2449.0  2756.0  2991.0  3204.0  3359.0  3615.0  3926.0  4279.0  4807.0  5578.0
gap       60.0   167.0   176.0   125.0   164.0   112.0   137.0   197.0   224.0   266.0
2021 CC_REGULAR TWh model 113.46 actual(campd-net) 110.01
dec           0        1        2        3        4        5        6        7        8        9
model   10175.0  11078.0  11589.0  12142.0  12648.0  13295.0  13834.0  14300.0  14864.0  15595.0
actual   8859.0  10221.0  10877.0  11562.0  12141.0  12766.0  13471.0  14343.0  15155.0  16194.0
gap      1316.0    857.0    712.0    580.0    507.0    529.0    363.0    -43.0   -291.0   -599.0
2021 COAL_BIT TWh model 12.43 actual(campd-net) 17.22
dec          0       1       2       3       4       5       6       7       8       9
model    640.0   837.0   897.0   930.0  1084.0  1130.0  1419.0  1716.0  2342.0  3198.0
actual  1230.0  1345.0  1537.0  1554.0  1614.0  1667.0  1960.0  2241.0  2801.0  3709.0
gap     -590.0  -508.0  -640.0  -624.0  -530.0  -537.0  -541.0  -525.0  -459.0  -511.0
2021 COAL_PRB TWh model 33.08 actual(campd-net) 31.35
dec          0       1       2       3       4       5       6       7       8       9
model   2441.0  3057.0  3168.0  3228.0  3464.0  3513.0  3761.0  4071.0  4993.0  6067.0
actual  2227.0  2857.0  3058.0  3181.0  3390.0  3434.0  3684.0  3946.0  4515.0  5500.0
gap      214.0   200.0   110.0    47.0    74.0    79.0    77.0   125.0   478.0   567.0
2023 CC_REGULAR TWh model 116.20 actual(campd-net) 109.80
dec           0        1        2        3        4        5        6        7        8        9
model   10801.0  11923.0  12372.0  12450.0  12791.0  13261.0  13965.0  14637.0  14997.0  15448.0
actual   9564.0  10601.0  11320.0  11604.0  12060.0  12534.0  13227.0  14170.0  14790.0  15476.0
gap      1237.0   1322.0   1052.0    846.0    731.0    727.0    738.0    467.0    207.0    -28.0
2023 COAL_BIT TWh model 8.72 actual(campd-net) 13.49
dec          0       1       2       3       4       5       6       7       8       9
model    633.0   759.0   808.0   841.0   843.0   936.0  1014.0  1101.0  1265.0  1754.0
actual  1001.0  1167.0  1267.0  1302.0  1335.0  1438.0  1550.0  1650.0  1932.0  2754.0
gap     -368.0  -408.0  -459.0  -461.0  -492.0  -502.0  -536.0  -549.0  -667.0 -1000.0
2023 COAL_PRB TWh model 22.18 actual(campd-net) 23.65
dec          0       1       2       3       4       5       6       7       8       9
model   1764.0  1856.0  2001.0  2185.0  2249.0  2406.0  2690.0  2997.0  3231.0  3943.0
actual  1647.0  1846.0  2059.0  2235.0  2308.0  2523.0  2842.0  3240.0  3660.0  4639.0
gap      117.0    10.0   -58.0   -50.0   -59.0  -117.0  -152.0  -243.0  -429.0  -696.0
