== 2021: static added committed coal TWh (upper bound, prices held) = 0.75
                   cap   base      p1_med   twh  add_twh
plant_code                                              
127           0.000000  30.06  130.059998  0.00     0.00
298         462.450012  15.76   16.070000  1.45     0.01
3470        547.140015  17.07   17.209999  3.00     0.00
6146        594.900024  21.53   21.940001  3.32     0.40
6178        124.480003  17.33   19.110001  0.60     0.18
6179        338.000000  15.58   15.720000  2.38     0.00
6180        179.539993   9.32    9.460000  1.27     0.00
6183         41.000000  42.97   43.610001  0.16     0.01
7030         34.919998  14.73   14.870000  0.23     0.00
7097        297.700012  16.05   16.190001  1.73     0.00
56611       187.199997  31.05   35.779999  0.75     0.15
committed must_run_pct: {'3470_committed': 15.0, '6180_committed': 45.0, '7030_committed': 45.0, '298_committed': 20.0, '6146_committed': 20.0, '6178_committed': 30.0, '6183_committed': 55.0, '6179_committed': 30.0, '7097_committed': 12.0, '56611_committed': 40.0, '127_committed': 25.0}
== 2022: static added committed coal TWh (upper bound, prices held) = 0.83
                   cap   base      p1_med   twh  add_twh
plant_code                                              
127           0.000000  30.32  130.320007  0.00     0.00
298         459.079987  15.76   15.900000  2.01     0.00
3470        514.820007  17.07   17.209999  2.65     0.00
6146        592.510010  21.53   24.280001  2.63     0.47
6178        124.480003  17.33   20.230000  0.35     0.16
6179        337.790009  15.58   15.720000  2.34     0.00
6180        179.539993   9.32    9.460000  1.35     0.00
6183         41.000000  42.97   43.490002  0.21     0.00
7030         34.919998  14.73   15.540000  0.23     0.00
7097        297.700012  16.05   16.340000  1.40     0.00
56611       187.199997  31.05   36.720001  0.49     0.20
committed must_run_pct: {'3470_committed': 15.0, '6180_committed': 45.0, '7030_committed': 45.0, '298_committed': 20.0, '6146_committed': 20.0, '6178_committed': 30.0, '6183_committed': 55.0, '6179_committed': 30.0, '7097_committed': 12.0, '56611_committed': 40.0, '127_committed': 25.0}
== 2024: static added committed coal TWh (upper bound, prices held) = 2.25
                   cap   base      p1_med   twh  add_twh
plant_code                                              
127           0.000000  28.03  127.970001  0.00     0.00
298         462.450012  15.76   16.180000  1.84     0.01
3470        547.359985  17.07   19.270000  2.62     0.33
6146        591.289978  21.53   29.170000  1.06     1.20
6178        124.480003  17.33   19.889999  0.57     0.10
6179        338.000000  15.58   16.410000  1.69     0.25
6180        179.539993   9.32    9.460000  1.21     0.01
6183         41.000000  42.97   43.639999  0.13     0.00
7030         34.919998  14.73   19.500000  0.14     0.05
7097        297.700012  16.05   16.330000  1.19     0.08
56611       187.199997  31.05   46.930000  0.17     0.22
committed must_run_pct: {'3470_committed': 15.0, '6180_committed': 45.0, '7030_committed': 45.0, '298_committed': 20.0, '6146_committed': 20.0, '6178_committed': 30.0, '6183_committed': 55.0, '6179_committed': 30.0, '7097_committed': 12.0, '56611_committed': 40.0, '127_committed': 25.0}
== 2025: static added committed coal TWh (upper bound, prices held) = 0.64
                   cap   base      p1_med   twh  add_twh
plant_code                                              
127           0.000000  26.18  125.629997  0.00     0.00
298         462.450012  15.76   16.320000  2.21     0.00
3470        544.289978  17.07   17.639999  3.38     0.07
6146        394.989990  21.53   24.250000  2.19     0.42
6178        124.480003  17.33   20.240000  0.58     0.08
6179        338.000000  15.58   15.990000  2.21     0.01
6180        179.539993   9.32    9.740000  1.17     0.00
6183         41.000000  42.97   43.299999  0.17     0.00
7030         34.919998  14.73   20.070000  0.15     0.02
7097        297.700012  16.05   16.190001  1.34     0.01
56611       187.199997  31.05  131.050003  0.06     0.04
committed must_run_pct: {'3470_committed': 15.0, '6180_committed': 45.0, '7030_committed': 45.0, '298_committed': 20.0, '6146_committed': 20.0, '6178_committed': 30.0, '6183_committed': 55.0, '6179_committed': 30.0, '7097_committed': 12.0, '56611_committed': 40.0, '127_committed': 25.0}
