run pjm-2021-2025-realized-t1h-d45 key ea767a6254b8e4af
   yr   arm   thermal    other       DR      firm       req     pos  $curve  pubPos    gap  $real   budget     pass/failed MW
 2021   OFF   137,574   10,978        0   148,553   130,295  1.1401    0.00  1.0417    9.8   51.1   18,257                  -
 2021     V   164,364   10,978        0   175,342   156,557  1.1200    0.00  1.0417    7.8   51.1   18,785                  -
 2021     D   137,574   10,978   11,887   160,439   135,677  1.1825    0.00  1.0417   14.1   51.1   24,763                  -
 2021  BOTH   164,364   10,978   11,887   187,229   163,023  1.1485    0.00  1.0417   10.7   51.1   24,206                  -
      ledger pos None  ledger req 130295.367  (entering fleet (fleet_by_fuel_before) at the year's own peak)
 2022   OFF   137,574   10,978        0   148,553   130,295  1.1401    0.00  1.0510    8.9   18.2   18,257          0/111,732
 2022     V   164,364   10,978        0   175,342   156,126  1.1231    0.00  1.0510    7.2   18.2   19,216          0/111,732
 2022     D   137,574   10,978   10,513   159,066   135,677  1.1724    0.00  1.0510   12.1   18.2   23,389          0/111,732
 2022  BOTH   164,364   10,978   10,513   185,855   162,574  1.1432    0.00  1.0510    9.2   18.2   23,281          0/111,732
      ledger pos None  ledger req None  (bridge year: 2021 post-evolution fleet, 2021 peak (the runner's prior-year peak))
 2023   OFF   139,716   10,980        0   150,695   128,566  1.1721    0.00  1.0552   11.7   12.5   22,129           0/89,457
 2023     V   167,115   10,980        0   178,095   154,522  1.1526    0.00  1.0552    9.7   12.5   23,572           0/89,457
 2023     D   139,716   10,980   10,117   160,812   133,876  1.2012    0.00  1.0552   14.6   12.5   26,936           0/89,457
 2023  BOTH   167,115   10,980   10,117   188,211   160,904  1.1697    0.00  1.0552   11.5   12.5   27,307           0/89,457
      ledger pos 1.170572  ledger req 128566.399  (entering fleet (fleet_by_fuel_before) at the year's own peak)
 2024   OFF   140,614   11,859        0   152,473   133,371  1.1432    0.00  1.0555    8.8   10.6   19,102           0/92,879
 2024     V   168,268   11,859        0   180,128   160,194  1.1244    0.00  1.0555    6.9   10.6   19,934           0/92,879
 2024     D   140,614   11,859   10,146   162,620   138,879  1.1709    0.00  1.0555   11.5   10.6   23,740           0/92,879
 2024  BOTH   168,268   11,859   10,146   190,274   166,810  1.1407    0.00  1.0555    8.5   10.6   23,464           0/92,879
      ledger pos 1.13667  ledger req 133370.926  (entering fleet (fleet_by_fuel_before) at the year's own peak)
 2025   OFF   125,560   12,119        0   137,679   144,632  0.9519  164.84  1.0049   -5.3   98.5   -6,953                  -
 2025     V   125,560   12,119        0   137,679   144,632  0.9519  164.84  1.0049   -5.3   98.5   -6,953                  -
 2025     D   125,560   12,119    6,085   143,764   150,605  0.9546  164.84  1.0049   -5.0   98.5   -6,841                  -
 2025  BOTH   125,560   12,119    6,085   143,764   150,605  0.9546  164.84  1.0049   -5.0   98.5   -6,841                  -
      ledger pos 0.961672  ledger req 144631.784  (entering fleet (fleet_by_fuel_before) at the year's own peak)
